--- 새로운 피처 통계 요약 ---
                 본번            부번       전용면적(㎡)          계약년월           계약일             층          건축년도       해제사유발생일    단지소개기존clob         k-전체동수        k-전체세대수         k-연면적       k-주거전용면적      k-관리비부과면적  k-전용면적별세대현황(60㎡이하)  k-전용면적별세대현황(60㎡~85㎡이하)   k-85㎡~135㎡이하  k-135㎡초과          건축면적           주차대수           좌표X           좌표Y        target  academy_500m  academy_1km  academy_access  traffic_impact  traffic_count_1km  bus_min_dist      bus_200m      bus_500m    bus_access  subway_min_dist    subway_1km    subway_2km  subway_access  elevation_range  elevation_std  terrain_type  seoul_center_dist  gangnam_dist  hongdae_dist   jamsil_dist  yeouido_dist
count  1.118747e+06  1.118747e+06  1.118822e+06  1.118822e+06  1.118822e+06  1.118822e+06  1.118822e+06  5.983000e+03  68582.000000  248192.000000  249259.000000  2.492590e+05  249214.000000  249259.000000       249214.000000           249214.000000  249214.000000     327.0  2.491080e+05  249108.000000  1.118803e+06  1.118803e+06  1.118822e+06     1118822.0    1118822.0    1.118822e+06    1.118822e+06       1.118822e+06  1.118822e+06  1.118822e+06  1.118822e+06  1.118822e+06     1.118822e+06  1.118822e+06  1.118822e+06   1.118822e+06     1.118822e+06   1.118822e+06  1.118822e+06       1.118822e+06  1.118822e+06  1.118822e+06  1.118822e+06  1.118822e+06
mean   5.649108e+02  5.978885e+00  7.717475e+01  2.014760e+05  1.580656e+01  8.871968e+00  1.998755e+03  2.021057e+07    541.529979      14.798346    1184.124593  1.614967e+05   94210.104998  120726.487549          477.912838              476.713439     167.528470      70.0  1.895070e+05    1063.678778  1.269958e+02  3.755687e+01  5.799153e+04           0.0          0.0    1.860354e+00    1.372308e+05       6.058119e+01  4.718279e-03  1.662760e+00  9.375768e+00  6.075116e+04     8.687445e-03  2.704756e+00  9.583913e+00   6.412647e+03     4.361105e+01   1.528188e+01  1.872240e+00       1.058398e-01  1.182907e-01  1.209304e-01  1.396353e-01  1.231180e-01
std    5.160642e+02  4.668584e+01  2.936423e+01  4.187868e+02  8.721166e+00  5.982584e+00  9.333908e+00  1.060697e+04    751.809853      17.693533    1191.474680  1.839856e+05  101905.956897  129020.276480          759.909400              727.553569     248.928143       0.0  1.729027e+06    1235.437604  4.905891e-01  3.920342e-01  4.642602e+04           0.0          0.0    1.426303e-02    3.657814e+04       8.304583e+01  6.178042e-01  1.613299e+00  4.720462e+00  9.675419e+03     6.164819e-01  1.892622e+00  4.971273e+00   9.998657e+02     4.064621e+01   1.571667e+01  8.362145e-01       6.193218e-01  6.203714e-01  6.204517e-01  6.225974e-01  6.210304e-01
min    0.000000e+00  0.000000e+00  1.002000e+01  2.007010e+05  1.000000e+00 -4.000000e+00  1.961000e+03  2.020022e+07      1.000000       1.000000      59.000000  0.000000e+00    2338.000000       0.000000            0.000000                0.000000       0.000000      70.0  0.000000e+00       0.000000  9.651829e-01  3.542155e+01  3.500000e+02           0.0          0.0    0.000000e+00    0.000000e+00       0.000000e+00  0.000000e+00  0.000000e+00  0.000000e+00  0.000000e+00     0.000000e+00  0.000000e+00  0.000000e+00   0.000000e+00     0.000000e+00   0.000000e+00  1.000000e+00       6.639464e-03  1.572776e-03  2.317268e-03  1.397118e-03  7.400963e-04
25%    1.760000e+02  0.000000e+00  5.965000e+01  2.011100e+05  8.000000e+00  4.000000e+00  1.992000e+03  2.020082e+07      4.000000       5.000000     403.000000  5.366600e+04   31934.000000   40735.000000           48.000000               95.000000       0.000000      70.0  0.000000e+00     315.000000  1.269184e+02  3.750714e+01  3.050000e+04           0.0          0.0    1.853319e+00    1.084822e+05       5.000000e+00  9.306595e-04  0.000000e+00  6.000000e+00  5.346840e+04     3.302852e-03  1.000000e+00  6.000000e+00   5.627236e+03     2.000000e+01   5.994789e+00  1.000000e+00       7.349922e-02  8.085002e-02  7.350129e-02  8.114122e-02  6.560508e-02
50%    4.700000e+02  0.000000e+00  8.188000e+01  2.015070e+05  1.600000e+01  8.000000e+00  2.000000e+03  2.021030e+07    174.000000      10.000000     768.000000  1.016330e+05   60280.000000   78125.000000          225.000000              256.000000      63.000000      70.0  1.710550e+03     683.000000  1.270202e+02  3.754715e+01  4.480000e+04           0.0          0.0    1.860425e+00    1.341054e+05       3.100000e+01  1.412419e-03  1.000000e+00  9.000000e+00  6.138458e+04     4.848058e-03  2.000000e+00  9.000000e+00   6.304067e+03     3.500000e+01   1.116286e+01  2.000000e+00       1.057659e-01  1.193852e-01  1.093829e-01  1.362131e-01  1.176463e-01
75%    7.810000e+02  1.000000e+00  8.496000e+01  2.018040e+05  2.300000e+01  1.200000e+01  2.005000e+03  2.022021e+07    725.000000      17.000000    1622.000000  2.039040e+05  117086.000000  159544.000000          576.000000              582.000000     237.000000      70.0  8.414210e+03    1274.000000  1.270671e+02  3.760077e+01  6.980000e+04           0.0          0.0    1.868314e+00    1.634744e+05       8.300000e+01  2.104156e-03  2.000000e+00  1.200000e+01  6.851628e+04     6.971730e-03  4.000000e+00  1.200000e+01   7.041706e+03     5.500000e+01   1.866648e+01  2.000000e+00       1.292055e-01  1.525863e-01  1.636096e-01  1.927956e-01  1.770121e-01
max    4.974000e+03  2.837000e+03  4.243200e+02  2.023060e+05  3.100000e+01  6.900000e+01  2.023000e+03  2.023093e+07   2888.000000     124.000000    9510.000000  9.591851e+06  734781.000000  969877.000000         4975.000000             5132.000000    1500.000000      70.0  3.159620e+07   12096.000000  1.276740e+02  1.268746e+02  1.450000e+06           0.0          0.0    2.090797e+00    2.998217e+05       8.240000e+02  1.263303e+02  1.100000e+01  3.300000e+01  8.000704e+04     1.260325e+02  1.200000e+01  3.300000e+01   1.043508e+04     3.350000e+02   1.381971e+02  5.000000e+00       1.265376e+02  1.265930e+02  1.264840e+02  1.266636e+02  1.264882e+02

--- 타겟 변수 'target'와의 상관관계 (새로운 피처) ---
target                    1.000000
전용면적(㎡)                   0.577041
주차대수                      0.348141
계약년월                      0.344665
k-연면적                     0.343594
k-주거전용면적                  0.334076
k-관리비부과면적                 0.316773
subway_access             0.301486
k-85㎡~135㎡이하              0.257145
k-전체동수                    0.234470
k-전용면적별세대현황(60㎡~85㎡이하)    0.229618
k-전체세대수                   0.217512
subway_2km                0.215882
subway_1km                0.167013
층                         0.153176
해제사유발생일                   0.126190
academy_access            0.090640
건축년도                      0.056041
단지소개기존clob                0.031012
건축면적                      0.026273
좌표X                       0.020782
계약일                       0.009348
bus_access                0.008492
부번                        0.000794
bus_min_dist             -0.002138
subway_min_dist          -0.003030
hongdae_dist             -0.003553
seoul_center_dist        -0.009808
yeouido_dist             -0.010208
jamsil_dist              -0.033833
gangnam_dist             -0.036441
좌표Y                      -0.046335
본번                       -0.055071
k-전용면적별세대현황(60㎡이하)       -0.069019
traffic_impact           -0.098981
bus_200m                 -0.109749
elevation_std            -0.151754
traffic_count_1km        -0.152370
terrain_type             -0.157749
elevation_range          -0.159152
bus_500m                 -0.172080
k-135㎡초과                       NaN
academy_500m                   NaN
academy_1km                    NaN